9495
9957
10418
10880
11341
11803
12265
12726
13188
13649
14111
14572
15265
15495
15726
15841
15957
16303
16418
16534
16649
16765
16880
16995
17341
17572
17803
18034
18265
18495
18611
18726
18841
19188
19418
19649
19880
20111
20342
20572
20688
21034
21265
21496
21726
21957
22188
22418
22765
22880
23111
23341
23572
23803
23918
24034
24149
24265
24380
24726
24957
25188
25418
25649
25765
25880
25995
26111
26226
26572
26803
27034
27265
27495
27611
27726
27841
27957
28072
28418
28649
28880
29111
29341
29572
30034
30149
30265
30380
30495
30611
30726
30841
30957
31072
31188
31649
31995
32111
32341
32803
33034
33265
33726
34188
34418
34649
34880
35111
35341
35572
35803
36034
36149
36265
36495
36726
36957
37418
37880
38111
38341
38572
38803
39034
39265
39495
39726
39957
40303
40418
40649
40880
41111
41226
41457
41803
42149
42265
42495
42726
42957
43188
43418
43880
44111
44341
44803
45034
45265
45380
45495
45841
46188
46418
46764
46880
47110
47572
47803
48034
48495
48957
49188
49418
49649
49880
50111
50341
50572
50803
50918
51034
51265
51495
51726
52187
52649
52880
53111
53341
53572
53803
54034
54265
54495
54726
55072
55188
55418
55649
55880
55995
56226
56572
56918
57034
57265
57495
57726
57957
58187
58649
58880
59110
59572
59803
60034
60149
60265
60495
60611
60726
60957
61072
61188
61418
61534
61765
61880
62226
62341
62457
62572
62803
63034
63265
63380
63611
63726
64072
64188
64303
64418
64534
64649
64765
65111
65226
65341
65457
65572
65688
66034
66149
66265
66380
66495
66611
66957
67418
67649
67880
67995
68226
68341
68803
69034
69265
69495
69726
69957
70188
70418
70649
70880
71111
71572
71803
72034
72149
72265
72495
72726
72957
73303
73418
73649
73880
74111
74457
74688
74803
74918
75034
75265
75495
75726
75957
76303
76418
76649
76765
76822
76880
77226
77341
77572
77688
77803
78034
78149
78380
78726
78957
79072
79188
79418
79649
79880
80111
80341
80572
80803
81034
81265
81495
81841
82072
82418
82649
82765
82880
83111
83341
83688
83803
84034
84265
84495
84726
84957
85188
85534
85649
85880
86111
86457
86572
86803
87034
87265
87495
87726
87957
88188
88418
88649
88880
89111
89226
89341
89572
89688
89803
89918
90034
90149
90265
90380
90495
90611
90726
91072
91303
91649
91880
92111
92341
92572
92803
92918
93149
93495
93841
93957
94188
94418
94649
94880
95111
95341
95572
95803
96034
96265
96495
96611
96726
96784
96841
97188
97418
97534
97649
97880
98111
98457
98572
98803
99034
99265
99495
99726
99957
100188
100418
100649
100995
101111
101341
101572
101803
101918
102034
102149
102265
102380
102495
102611
102957
103188
103303
103418
103534
103649
103764
104111
104341
104572
104803
105034
105149
105264
105380
105495
105610
105957
106187
106418
106649
106880
107111
107341
107457
107803
108034
108264
108495
108726
108957
109187
109534
109649
109880
110110
110341
110572
110687
110803
110918
111034
111149
111495
111726
111957
112188
112418
112534
112649
112764
112880
112995
113341
113572
113803
114034
114265
114380
114495
114610
114726
114841
115188
115418
115649
115880
116111
116341
116572
116803
116918
117034
117149
117264
117380
117495
117610
117726
117841
117957
118418
118764
118880
119110
119572
119803
120034
120495
120957
121187
121418
121649
121880
122110
122341
122572
122803
123034
123264
123495
123726
124187
124649
124880
125110
125341
125572
125803
125918
126034
126264
126495
126726
127072
127418
127649
127880
127995
128226
128572
128918
129034
129264
129495
129726
129957
130187
130534
130765
130880
130995
131111
131457
131572
131803
131918
132149
132265
132495
132611
132841
132957
133188
133418
133534
133649
133880
133995
134111
134341
134457
134572
134803
134918
135034
135265
135380
135611
135726
135957
136418
136534
136649
136765
136880
137111
137226
137341
137457
137572
137688
137918
138034
138149
138265
138495
138611
138726
138957
139072
139303
139418
139649
139995
140111
140226
140341
140457
140803
140918
141034
141149
141265
141380
141726
141841
141957
142072
142188
142303
142649
142765
142880
143111
143341
143572
143803
144034
144265
144380
144495
144611
144726
144841
144957
145072
145188
145418
145649
145765
145880
145995
146111
146226
146341
146457
146688
146803
146918
147149
147265
147380
147495
147611
147726
147841
147957
148072
148303
148418
148649
148765
148995
149111
149226
149341
149457
149572
149688
149803
149918
150034
150149
150380
150495
150611
150841
150957
151072
151188
151303
151418
151534
151649
151765
151995
152111
152341
152457
152688
152803
152918
153034
153149
153265
153380
153495
153611
153841
153957
154188
154303
154534
154649
154765
154880
154995
155111
155226
155341
155457
155688
155803
156034
156149
156380
156495
156611
156726
156841
156957
157072
157188
157303
157418
157534
157765
157880
157995
158226
158341
158457
158572
158688
158803
158918
159034
159149
159265
159380
159495
159611
159726
159841
159957
160072
160188
160303
160418
160475
160533
160591
160648
160706
160764
160821
160880
161111
161226
161341
161572
161688
161803
162034
162149
162380
162495
162611
162726
162957
163188
163418
163649
163880
163995
164226
164457
164803
164918
165034
165149
165380
165611
165726
165957
166188
166418
166649
166765
166995
167226
167572
167803
168034
168265
168495
168611
168726
168957
169072
169188
169418
169534
169765
169995
170341
170457
170572
170803
171034
171265
171495
171726
171957
172188
172419
172649
172880
173111
173342
173572
173803
174034
174149
174265
174380
174495
174611
174726
174841
174957
175072
175188
175303
175418
175534
175649
175879
175995
176226
176341
176687
176802
176918
177149
177264
177495
177726
177841
178072
178188
178533
178649
178764
178879
178995
179110
179226
179572
179687
179802
179918
180033
180149
180495
180610
180726
180841
180956
181072
181418
181765
181880
182110
182341
182572
182802
183034
183265
183380
183611
183726
184072
184187
184303
184418
184534
184649
184765
184880
185111
185226
185457
185572
185918
186034
186149
186264
186380
186495
186611
186726
187072
187188
187303
187418
187534
187649
187995
188111
188341
188572
188688
188803
188918
189034
189149
189265
189380
189495
189611
189726
189841
189957
190188
199649
200111
200572
201034
201495
201957
202418
202880
203341
203572
203803
204034
204265
204495
204726
204957
205188
205418
205649
205880
206111
206341
206572
206803
207034
207149
207265
207380
207495
207611
207726
207841
207957
208072
208188
208303
208418
208534
208649
208765
208880
209226
209341
209572
209688
209745
209803
210149
210265
210495
210611
210726
210957
211072
211303
211649
211880
211995
212111
212341
212572
212803
213034
213264
213495
213726
213957
214188
214418
214764
214995
215341
215572
215688
215803
216034
216264
216611
216726
216957
217188
217418
217649
217880
218111
218457
218572
218803
219034
219380
219495
219726
219957
220188
220418
220649
220880
221111
221341
221572
221803
222035
222150
222265
222495
222611
222726
222841
222957
223072
223188
223303
223418
223534
223649
223995
224226
224572
224803
225034
225264
225495
225726
225841
226072
226418
226764
226880
227111
227341
227572
227803
228034
228264
228495
228726
228957
229188
229418
229534
229649
229707
229764
230111
230341
230457
230572
230803
231034
231380
231495
231726
231957
232188
232418
232649
232880
233111
233341
233572
233918
234034
234264
234495
234841
234957
235188
235418
235649
235880
236111
236341
236572
236803
236918
237034
237265
237495
237726
237841
237957
238188
238418
238649
238880
239111
239341
239572
239803
240034
240265
240495
240611
240726
240957
241188
241534
241649
241880
242111
242341
242457
242688
242918
243265
243495
243726
243957
244072
244418
244649
244880
245111
245342
245457
245572
245688
245803
245918
246265
246495
246726
246957
247188
247418
247649
247765
248111
248342
248572
248803
249034
249265
249495
249841
249957
250188
250418
250649
250880
250995
251111
251226
251341
251457
251803
252034
252265
252495
252726
252842
252957
253072
253188
253303
253649
253880
254111
254341
254572
254688
254803
254918
255034
255149
255495
255726
255957
256188
256418
256649
256880
257111
257226
257342
257457
257572
257688
257803
258034
258149
258380
258495
